4294967278,26
4294967278,430
4294967278,333
4294967278,420
4294967278,331
4294967278,27
4294967278,291
4294967278,271
4294967278,329
4294967278,28
4294967278,30
4294967278,29
4294967278,200
4294967279,200
4294967278,35
4294967278,34
4294967278,33
4294967278,32
4294967278,31
4294967278,290
4294967279,199
4294967278,47
4294967278,46
4294967278,45
4294967278,44
4294967278,43
4294967278,42
4294967278,41
4294967278,40
4294967278,39
4294967278,38
4294967278,37
4294967278,36
4294967279,379
4294967278,286
4294967279,228
4294967279,557
4294967278,315
4294967279,195
4294967294,30
4294967294,942
4294967294,941
4294967294,939
4294967294,938
4294967294,933
4294967294,922
4294967294,436
4294967294,830
4294967294,829
4294967294,828
4294967294,827
4294967294,60
4294967278,323
4294967278,62
4294967278,61
4294967278,60
4294967278,313
4294967278,59
4294967278,58
4294967278,57
4294967278,56
4294967278,55
4294967278,54
4294967278,53
4294967278,52
4294967278,51
4294967278,50
4294967278,49
4294967278,48
4294967279,86
4294967279,85
4294967279,82
4294967279,81
4294967279,77
4294967279,75
4294967279,73
4294967279,72
4294967279,70
4294967279,68
4294967279,63
4294967279,61
4294967279,59
4294967279,54
4294967279,53
4294967279,52
4294967279,50
4294967279,49
4294967279,47
4294967278,407
4294967279,194
4294967279,193
4294967294,12
4294967279,79
4294967279,238
4294967278,405
4294967279,191
4294967278,442
4294967279,545
4294967279,188
4294967278,186
4294967279,186
4294967278,185
4294967279,184
4294967279,183
4294967279,69
4294967279,347
4294967278,284
4294967279,181
4294967278,266
4294967279,67
4294967279,556
4294967279,179
4294967278,177
4294967279,177
4294967279,173
4294967279,60
4294967279,171
4294967279,170
4294967279,169
4294967279,168
4294967278,132
4294967278,131
4294967278,130
4294967278,129
4294967278,126
4294967278,124
4294967278,123
4294967278,122
4294967278,121
4294967278,120
4294967278,119
4294967278,118
4294967278,117
4294967278,115
4294967278,112
4294967278,110
4294967278,109
4294967278,108
4294967278,107
4294967278,106
4294967278,101
4294967278,99
4294967278,98
4294967278,97
4294967278,96
4294967278,260
4294967278,94
4294967278,93
4294967278,92
4294967278,91
4294967278,86
4294967278,84
4294967278,83
4294967278,82
4294967278,81
4294967278,79
4294967278,78
4294967278,77
4294967278,76
4294967278,74
4294967278,73
4294967278,70
4294967278,69
4294967278,68
4294967278,67
4294967278,65
4294967278,64
4294967278,63
4294967278,174
4294967278,0
4294967278,347
4294967279,84
4294967279,83
4294967279,80
4294967279,78
4294967279,76
4294967279,71
4294967279,64
4294967279,62
4294967279,58
4294967279,56
4294967279,55
4294967279,51
4294967279,48
4294967279,46
4294967279,44
4294967279,43
4294967279,42
4294967279,40
4294967279,39
4294967279,38
4294967279,323
4294967279,37
4294967279,36
4294967279,322
4294967279,266
4294967279,33
4294967279,329
4294967279,31
4294967279,252
4294967279,30
4294967279,259
4294967279,29
4294967279,310
4294967279,28
4294967279,345
4294967279,27
4294967279,569
4294967279,331
4294967279,25
4294967279,361
4294967279,174
4294967279,288
4294967279,24
4294967279,22
4294967279,373
4294967279,21
4294967279,20
4294967279,19
4294967279,18
4294967279,17
4294967279,15
4294967279,14
4294967279,13
4294967279,12
4294967279,11
4294967279,10
4294967279,260
4294967279,8
4294967279,6
4294967279,5
4294967279,155
4294967279,41
4294967279,343
4294967279,26
4294967279,35
4294967279,144
4294967279,571
4294967279,32
4294967279,143
4294967279,142
4294967279,140
4294967279,272
722,6
4294967279,139
4294967294,903
722,5
722,4
722,3
722,2
722,1
4294967279,16
4294967279,216
4294967294,393
4294967294,390
4294967294,424
4294967294,114
4294967294,115
4294967279,23
4294967279,354
4294967279,133
4294967294,38
4294967294,36
4294967294,39
4294967279,277
4294967279,280
4294967294,41
4294967294,107
4294967294,43
4294967279,264
4294967294,11
4294967294,76
4294967279,374
4294967294,52
4294967294,45
4294967279,286
4294967294,51
4294967279,9
4294967279,258
4294967279,547
4294967278,322
4294967279,257
4294967294,82
4294967279,256
4294967279,360
4294967279,7
4294967294,92
4294967294,90
4294967294,88
4294967294,86
4294967294,85
4294967279,255
4294967294,1414
4294967279,4
4294967279,344
4294967278,258
719,6
719,5
4294967278,257
719,4
719,3
719,2
719,1
4294967278,325
4294967294,99
4294967294,5
4294967278,128
4294967278,414
4294967279,359
4294967278,127
4294967278,324
4294967278,259
4294967279,357
4294967279,538
4294967279,0
4294967278,378
4294967294,427
4294967294,920
4294967294,472
4294967278,125
4294967278,346
4294967278,365
4294967278,254
4294967278,253
4294967278,250
4294967278,248
4294967278,116
4294967294,176
4294967278,244
4294967278,242
4294967278,299
4294967294,973
4294967278,240
4294967294,967
4294967278,105
4294967278,114
4294967278,305
4294967278,113
4294967278,236
4294967278,379
